javac -cp .:./flanagan.jar:./json-20160212.jar GaussianFit2.java

javac -cp .:./flanagan.jar:./json-20160212.jar GaussianFit2Graph.java



java -cp .:./flanagan.jar:./json-20160212.jar GaussianFit2 "{'observations':[16.305191953568983,15.96792569335523,15.265999779669666,16.608776184778392,16.310707344688176,16.46056571962976,16.936796455065537,16.553074069371405,16.798738398293196,16.862006157730146,16.740484401898733,16.71236829101039,17.32425520150045,16.72495597821699,16.66285168575671,15.820448326356084,16.070455819621777,16.70871027061309,16.69564638455319,16.460877725929357,16.32376159978549,17.21106304179705,16.23826748632963,16.18816846278275,16.064908296822477,14.770993909309459,16.43379385514204,16.502990620655112,16.545319548184843,16.482559197670653,16.16458915769081,16.19676992314201,16.804811863798598,16.980748139364334,16.625327407562814,16.4659405451837,17.04170662494428,16.974285639266423,15.074572324515673,15.605698729203924,16.428802243743583,16.3712319581627,16.22140047404494,16.423769262682995,15.839547148332759,15.996395814747888,16.737605842156565,15.9706784772461,16.873052281342133,16.843692372933216,16.715503334830487,16.043613631059824,16.520165021200533,16.585925725936153,16.41665756139545,16.676789122206767,16.18384514033439,16.47244853013786,16.891403365263177,16.910720495526267,16.284381528843998,16.288182061815657,16.580127917278773,16.251670681363915,16.348217668209138,17.23346252679097,16.56424499261973,16.271024798261703,15.773449565890564,16.6817006162506,16.28788815756841,16.637162648714874,16.530303241937492,16.560363161187954,16.089478696367422,17.130015318088624,16.610112656227198,16.701181634802335,16.65341653236313,16.786555350340475,16.394202738714487,16.63778130170506,15.474162052781514,16.479242031269855,16.194927331605314,15.778838495537439,16.53439704541533,16.635345809278817,16.913907129939535,16.57990963932986,16.096550146723335,16.860074515272743,16.069725173539297,16.710851191492324,16.82194382157763,16.919459085803375,16.939548097519168,16.35522252458362,16.648315751111895,16.03153559957701,16.566550549079437,16.39006626345299,16.881910308099908,16.62727205096084,16.854125924127782,16.708955204382168,16.441453733352336,15.696696963920518,16.705824062710406,16.362188507760376,16.186490569361595,16.713829493414647,16.05290924137601,16.41292327033957,16.72083417445228,16.60870524195145,16.75381554235211,16.48332387095119,16.61358525736548,16.459297857325776,16.230367924498275,16.555493117215942,16.901069297310627,16.940980579318982,16.82139677348028,16.425936946068493,15.705645138365467,16.760608247890254,16.550841692558276,17.37350541528684,17.282112952759196,16.654034188976958,16.901069297310627,16.853583275614724,16.91757353803925,16.941961257710407,16.650307056610625,16.673170352156976,16.862001648879268,16.28343279145398,15.657628368246954,16.443120945473108,16.48058289717964,16.57887327025473,16.15538258064892,16.536452318822384,16.43004940077545,16.534275493270563,16.8283785149832]}"


java -cp .:./flanagan.jar:./json-20160212.jar GaussianFit2 "{'observations':[16.43244879168731,15.415671476911031,16.761824422989246,16.1656848935657,16.34756770026939,16.49771472851296,16.711988990307024,16.08787639446686,16.77587839703524,16.002324174767306,16.57990963932986,16.096550146723335,16.860074515272743,16.069725173539297,16.710851191492324,16.82194382157763,16.919459085803375,16.939548097519168,16.35522252458362,16.648315751111895,16.03153559957701,16.566550549079437,16.39006626345299,16.881910308099908,16.62727205096084,16.854125924127782,16.708955204382168,16.441453733352336,15.696696963920518,16.705824062710406,16.362188507760376,16.186490569361595,16.713829493414647,16.05290924137601,16.41292327033957,16.72083417445228,16.60870524195145,16.75381554235211,16.48332387095119,16.61358525736548,16.459297857325776,16.230367924498275,16.555493117215942,16.901069297310627,16.940980579318982,16.82139677348028,16.425936946068493,15.705645138365467,16.760608247890254,16.550841692558276,17.37350541528684,17.282112952759196,16.654034188976958,16.901069297310627,16.853583275614724,16.91757353803925,16.941961257710407,16.650307056610625,16.673170352156976,16.862001648879268,16.28343279145398,15.657628368246954,16.443120945473108,16.48058289717964,16.57887327025473,16.15538258064892,16.536452318822384,16.43004940077545,16.534275493270563,16.8283785149832,16.538455180373653,16.43861699183414,16.664334462668155,16.824457005043296,15.662017489866727,16.008074138435678,16.36517886935129,16.207088951163115,15.773449565890564,16.6817006162506,16.28788815756841,16.637162648714874,16.530303241937492,16.560363161187954,16.089478696367422,17.130015318088624,16.610112656227198,16.701181634802335,16.65341653236313,16.786555350340475,16.394202738714487,16.63778130170506,17.109846579349366,16.814271320629075,16.715024294144417,16.334384177930463,15.898190422872194,16.96368206083231,17.077313850036735,16.448646691181434,16.26705810264811,16.3133360444866,17.373579191267915,17.571512306520187,16.14705000201562,16.84651323123,16.77230778027686,15.51363560335862,16.88481877784723,16.499292991147406]}"






java -cp /Users/adriangordon/Development/Gaussian/:/Users/adriangordon/Development/Gaussian/flanagan.jar:/Users/adriangordon/Development/Gaussian/json-20160212.jar GaussianFit2 "{'observations':[16.43244879168731,15.415671476911031,16.761824422989246,16.1656848935657,16.34756770026939,16.49771472851296,16.711988990307024,16.08787639446686,16.77587839703524,16.002324174767306,16.57990963932986,16.096550146723335,16.860074515272743,16.069725173539297,16.710851191492324,16.82194382157763,16.919459085803375,16.939548097519168,16.35522252458362,16.648315751111895,16.03153559957701,16.566550549079437,16.39006626345299,16.881910308099908,16.62727205096084,16.854125924127782,16.708955204382168,16.441453733352336,15.696696963920518,16.705824062710406,16.362188507760376,16.186490569361595,16.713829493414647,16.05290924137601,16.41292327033957,16.72083417445228,16.60870524195145,16.75381554235211,16.48332387095119,16.61358525736548,16.459297857325776,16.230367924498275,16.555493117215942,16.901069297310627,16.940980579318982,16.82139677348028,16.425936946068493,15.705645138365467,16.760608247890254,16.550841692558276,17.37350541528684,17.282112952759196,16.654034188976958,16.901069297310627,16.853583275614724,16.91757353803925,16.941961257710407,16.650307056610625,16.673170352156976,16.862001648879268,16.28343279145398,15.657628368246954,16.443120945473108,16.48058289717964,16.57887327025473,16.15538258064892,16.536452318822384,16.43004940077545,16.534275493270563,16.8283785149832,16.538455180373653,16.43861699183414,16.664334462668155,16.824457005043296,15.662017489866727,16.008074138435678,16.36517886935129,16.207088951163115,15.773449565890564,16.6817006162506,16.28788815756841,16.637162648714874,16.530303241937492,16.560363161187954,16.089478696367422,17.130015318088624,16.610112656227198,16.701181634802335,16.65341653236313,16.786555350340475,16.394202738714487,16.63778130170506,17.109846579349366,16.814271320629075,16.715024294144417,16.334384177930463,15.898190422872194,16.96368206083231,17.077313850036735,16.448646691181434,16.26705810264811,16.3133360444866,17.373579191267915,17.571512306520187,16.14705000201562,16.84651323123,16.77230778027686,15.51363560335862,16.88481877784723,16.499292991147406]}"




java -cp /Users/adriangordon/Development/Gaussian/:/Users/adriangordon/Development/Gaussian/flanagan.jar:/Users/adriangordon/Development/Gaussian/json-20160212.jar GaussianFit2Graph "{'observations':[10.645426529982966,11.542658615824454,11.047017107212348,10.923079469492235,10.390785133958328,10.686393276343807,10.954417395758428,11.77717398000113,12.178617393639222,12.531343419035066,12.610959076785882,12.514689143054209,12.369935746345636,10.874260593903845,10.400820782655591,10.952262511059555,10.065798021953084,11.147630566628967,12.853495848713388,10.725499115255115,10.833695204897602,10.597087939784165,10.312741495355496,10.882405305308781,11.482065104376371,11.54888238900249,11.59312718093451,11.91538136003528,10.873216576624817,10.865935946523663,10.65109347831035,10.775814394788023,12.345536948772786,12.683651748269792,12.641951253857723,12.202770820033196,10.684124787846688,11.424212540014013,11.954986123276177,12.264272012095667,12.087686913652867,12.102360127893,11.200976631947828,10.59653382938948,12.831328486166132,13.041989206624194,12.473084752713056,13.020963819442507,12.67614813476597,12.853466927469684,12.53677866741126,13.119918433055638,13.103515112440096,12.635996602228088,12.53618456225219,12.391336304449293,12.95203729549805,12.627473472440908,12.705480583804793,11.542016444994612,12.678196154218607,12.053646463630807,12.214681463049024,12.41476909410163,12.710231160914434,12.250594239440783,12.781586554060265,12.735948402959975,12.41660253750041,12.569615643820896,12.073561648035987,13.087491016420245,11.620920538842828,11.512831001774346,11.52870085577575,11.04383109675541,13.002872305568554,12.375176490683227,11.908772872709438,12.062407317632433,12.52322523751117,11.770721140940912,12.718851573892415,11.92529336879823,12.92846777121664,12.946217512450506,12.418067296174435,13.069825621021591,12.345458173940553,12.80140674839947,12.943941390920761,12.789634952804679,13.12088605338068,12.616765652175767,13.078408374014973,12.715741682135883,12.348040118798782,12.368479291240856,12.735209168768648,12.620006117765726,13.07469324464554,12.634311034503556,12.54245975179542,12.724364435281132,12.576679968077698]}"

